1234567,10006,3,3,3,3
1234567,10019,3,3,3,3
1234567,10024,1,1,1,1
1234567,10025,4,3,3,3
1234567,10034,2,2,2,2
1234567,10048,3,2,3,2
1234567,1007,4,3,4,3
1234567,10076,2,2,2,2
1234567,10077,2,3,2,3
1234567,10080,2,3,3,3
3,10080,4,4,4,4
1234567,10082,2,2,2,2
1234567,10089,4,3,4,3
1234567,10100,1,1,1,1
1234567,10104,4,4,4,4
1234567,10127,3,2,3,3
1234567,10188,3,3,3,3
1234567,10194,4,3,4,3
1234567,10195,4,4,4,4
1234567,10219,3,2,2,2
1234567,10237,4,3,4,3
1234567,10248,3,2,3,2
1234567,10255,2,3,2,3
1234567,10284,5,5,5,5
1234567,10319,3,3,3,3
1234567,10321,2,3,2,3
1234567,10350,4,4,4,4
1234567,10354,2,3,2,3
1234567,10368,4,3,4,3
1234567,10391,4,3,4,3
1234567,10404,2,2,2,2
1234567,10415,2,2,2,2
1234567,10429,2,2,2,2
1234567,1046,2,3,2,3
1234567,10462,5,4,5,4
1234567,1048,4,3,4,3
1234567,10522,1,1,1,1
1234567,1054,2,1,2,1
1234567,10540,3,2,3,2
1234567,10555,4,3,4,3
1234567,10561,5,5,5,5
1234567,10572,2,1,1,1
1234567,10576,3,3,3,3
1234567,10578,3,3,3,3
1234567,10589,3,3,3,3
1234567,10595,3,2,3,2
1234567,1061,1,2,1,2
1234567,10659,5,4,5,4
1234567,10663,3,2,3,2
1234567,10670,4,3,3,3
1234567,10676,5,4,5,4
1234567,10692,2,3,2,3
1234567,10734,2,2,1,2
1234567,10743,3,3,3,3
1234567,10750,2,3,2,3
1234567,10757,2,3,2,3
1234567,1076,2,2,2,2
1234567,10762,3,3,3,3
1234567,10774,4,4,4,4
3,10774,4,3,4,3
1234567,10777,2,2,2,2
1234567,1078,4,3,4,3
1234567,10780,4,3,4,3
1234567,10781,2,2,2,2
1234567,10792,3,3,3,3
1234567,10800,3,3,3,3
1234567,10810,3,3,3,3
1234567,10826,3,2,2,2
1234567,10835,2,3,2,3
1234567,10836,2,2,2,2
1234567,10843,3,2,3,2
1234567,10845,3,3,3,3
1234567,10846,2,2,1,2
1234567,10851,2,3,2,3
1234567,10870,4,3,4,3
1234567,10889,2,2,2,2
1234567,10900,1,1,1,1
1234567,10903,3,4,3,4
2,10903,2,3,2,3
1234567,1091,3,2,3,2
1234567,10926,2,2,2,2
1234567,10939,2,2,2,2
1234567,10943,3,3,3,3
1234567,10947,3,4,3,4
1234567,10959,2,3,2,3
1234567,10978,2,1,2,1
1234567,10992,4,3,4,3
1234567,1100,4,3,4,3
1234567,11003,4,3,3,3
1234567,11007,4,4,3,4
1234567,11009,3,2,3,2
1234567,11011,2,1,2,1
1234567,11021,1,1,1,1
1234567,11027,3,3,3,3
1234567,11034,1,1,1,1
1234567,1104,2,3,2,3
1234567,11041,3,3,3,3
1234567,11048,3,3,3,3
1234567,11054,2,2,2,2
1234567,11056,5,5,5,5
1234567,11080,2,2,2,1
1234567,11086,2,2,2,2
1234567,11088,3,3,3,3
1234567,11098,4,3,4,3
1234567,111,4,4,4,4
1234567,11107,5,4,4,4
1234567,11124,3,4,3,4
1234567,11133,4,3,3,3
1234567,11159,2,2,2,2
1234567,11177,3,3,3,3
1234567,11182,3,3,3,3
1234567,11197,5,4,5,4
1234567,11213,3,3,2,3
1234567,1122,3,2,3,2
1234567,1123,1,2,1,2
1234567,11232,3,2,3,2
1234567,11235,3,3,3,3
1234567,11236,3,4,3,4
1234567,11237,2,3,2,3
1234567,11238,3,3,3,3
1234567,11240,4,3,4,3
1234567,11245,1,1,1,1
1234567,11253,3,2,3,2
1234567,11261,5,4,5,4
1234567,11284,4,4,4,4
1234567,11288,4,3,4,3
1234567,11292,3,4,3,4
1234567,11294,2,2,2,2
1234567,11295,2,2,2,2
1234567,11307,3,3,3,3
1234567,11312,5,4,5,4
1234567,11316,4,3,3,3
1234567,11317,2,2,2,2
1234567,11319,2,1,2,1
1234567,11330,3,3,3,3
1234567,11339,2,1,2,1
1234567,1134,4,4,4,4
1234567,11344,3,1,3,1
3,11344,5,3,5,3
1234567,11347,2,2,2,2
1234567,11348,4,3,4,3
1234567,11352,1,2,1,2
1234567,11376,2,2,2,2
1234567,11380,4,3,4,3
1234567,11391,4,4,4,4
1234567,11395,2,1,2,1
1234567,11408,3,3,3,3
1234567,11412,2,2,1,2
1234567,11418,2,2,2,2
1234567,11436,2,1,2,1
1234567,11442,2,2,1,2
1234567,1146,5,4,5,4
1234567,11463,2,2,2,2
1234567,11493,4,3,4,3
1234567,11496,3,2,2,2
1234567,11505,3,3,3,3
1234567,11510,2,1,1,1
1234567,11511,2,2,2,2
1234567,11536,2,1,2,1
1234567,11563,2,3,2,3
1234567,11567,2,2,2,2
1234567,11613,4,4,4,4
1234567,11616,4,3,3,3
1234567,11631,2,1,2,1
1234567,11637,2,3,2,3
1234567,11638,3,4,3,4
1234567,11651,2,3,2,3
1234567,11657,4,3,4,3
1234567,1167,2,2,2,2
1234567,11686,2,1,2,1
1234567,11688,3,3,3,3
1234567,11689,1,1,1,1
1234567,11723,3,3,3,3
1234567,11732,3,3,3,3
1234567,11766,4,2,3,2
1234567,11775,3,3,3,3
1234567,11786,2,2,2,2
1234567,11806,4,4,4,4
1234567,11812,1,2,1,2
1234567,11824,4,4,4,4
1234567,11837,1,1,1,1
2,11837,5,4,5,4
1234567,11838,3,3,3,3
1234567,11839,2,3,2,3
1234567,11851,2,2,2,2
1234567,11866,3,2,3,2
1234567,11867,4,3,4,3
1234567,1188,4,3,4,3
1234567,1190,3,3,3,3
1234567,11902,3,3,3,3
1234567,11908,2,2,2,2
1234567,1192,3,2,3,2
1234567,11923,4,3,4,3
1234567,11951,4,3,3,3
1234567,11952,2,2,2,2
1234567,11965,4,4,4,4
1234567,11966,3,3,3,3
1234567,12010,4,3,3,3
1234567,1202,2,2,2,2
1234567,12046,3,3,3,3
1234567,1205,4,2,3,2
1234567,12059,4,3,4,3
1234567,12100,2,3,2,3
1234567,12117,4,2,3,2
1234567,12123,2,1,2,1
1234567,12125,3,4,3,4
1234567,1213,5,5,5,5
1234567,12133,2,1,2,1
1234567,12156,5,4,5,4
1234567,12159,2,3,2,3
1234567,12170,3,3,3,3
1234567,12178,2,3,2,3
1234567,12180,3,3,3,3
1234567,12184,1,2,1,2
1234567,12189,3,3,3,3
1234567,12199,4,3,4,3
1234567,12202,3,2,3,2
1234567,12230,1,2,1,2
1234567,12232,3,3,2,3
1234567,12246,3,3,3,3
1234567,12273,2,3,2,3
1234567,12276,3,3,3,3
1234567,12280,2,2,2,3
1234567,12284,3,2,3,2
1234567,12291,2,2,2,2
1234567,12292,3,3,3,3
1234567,12293,3,4,3,4
1234567,123,1,1,1,1
1234567,12336,2,2,2,2
1234567,12348,3,3,3,3
1234567,12355,3,3,3,3
1234567,12372,3,3,3,3
1234567,12386,4,4,4,4
1234567,12391,2,3,2,3
1234567,12396,3,3,3,3
1234567,12413,2,3,2,3
1234567,12419,4,2,4,2
1234567,12421,2,3,2,3
1234567,12422,3,3,3,3
1234567,12423,1,2,1,2
1234567,12432,2,1,1,1
1234567,12452,4,3,4,3
1234567,12455,2,2,2,2
1234567,12482,3,3,2,3
1234567,12488,2,3,2,3
1234567,12496,5,4,5,4
1234567,12497,2,2,2,2
1234567,12503,3,3,3,3
1234567,12504,2,3,2,3
1234567,12510,2,2,2,2
1234567,1252,2,2,2,2
1234567,12538,2,2,2,2
1234567,12589,4,4,4,4
1234567,1260,3,3,3,3
1234567,12604,2,2,2,2
1234567,12606,2,1,2,1
1234567,12607,3,3,3,3
1234567,12623,2,3,2,3
1234567,12627,3,3,3,3
1234567,12634,2,3,2,3
1234567,12653,3,3,3,3
1234567,12661,3,3,3,3
1234567,12679,2,2,2,2
1234567,1268,2,1,2,1
1234567,12682,3,2,3,3
1234567,12683,4,3,4,3
1234567,12695,2,2,2,2
1234567,12700,2,2,2,2
1234567,12705,3,2,3,2
1234567,12709,4,3,4,3
1234567,12733,5,3,5,3
1234567,12755,3,4,3,4
1234567,12757,2,3,2,3
1234567,12760,2,2,2,2
1234567,12775,3,2,2,2
1234567,12778,3,4,3,4
2,12778,2,3,2,3
1234567,12780,3,2,3,2
1234567,12812,2,3,2,3
1234567,12822,2,3,2,3
1234567,12824,3,4,3,4
1234567,12847,3,2,3,2
1234567,12852,2,3,2,3
1234567,12855,1,2,1,2
1234567,12863,3,2,3,2
1234567,12864,4,3,4,3
1234567,12875,2,3,2,3
1234567,12887,1,0,1,0
1234567,12894,1,2,1,2
1234567,12912,3,3,3,3
1234567,12936,3,2,3,2
1234567,12946,5,5,4,5
1234567,12948,2,2,2,2
1234567,12952,3,3,3,3
2,12952,5,5,5,5
1234567,12957,2,1,2,1
1234567,12969,3,3,3,3
1234567,12977,3,3,3,3
1234567,13015,2,3,2,3
1234567,13022,2,2,2,2
1234567,13032,2,2,2,2
1234567,13046,4,4,4,4
1234567,13055,2,3,2,3
1234567,13059,5,3,5,3
1234567,13099,4,4,4,4
1234567,13107,5,4,5,4
3,13107,4,3,4,3
1234567,13110,3,3,3,3
1234567,1313,3,3,2,3
1234567,13137,5,3,4,3
1234567,13145,3,3,3,3
1234567,13150,2,1,2,1
1234567,13154,2,2,2,2
1234567,13186,2,3,2,3
1234567,13188,2,2,2,2
1234567,13199,2,2,2,2
1234567,13215,2,2,2,2
1234567,13218,3,2,3,2
1234567,13242,3,3,3,3
1234567,13262,3,2,3,2
1234567,13270,2,2,1,2
1234567,13289,4,3,4,3
1234567,13299,3,2,3,2
1234567,13326,2,2,1,2
1234567,13328,2,2,2,2
1234567,13334,4,4,4,4
1234567,13339,2,2,2,2
1234567,13360,4,3,4,3
1234567,13363,3,3,3,3
1234567,13387,2,2,2,2
1234567,1340,3,3,3,3
1234567,1343,5,4,5,4
1234567,13431,3,2,3,2
1234567,13432,2,2,2,2
1234567,13438,3,2,3,2
1234567,13451,2,2,2,2
1234567,13456,4,3,4,3
1234567,13461,4,3,4,3
1234567,13464,4,2,4,2
1234567,13477,3,3,3,3
1234567,13485,2,2,2,2
1234567,13489,4,3,4,3
1234567,13507,3,2,3,2
1234567,13519,3,2,3,2
1234567,13531,3,2,3,2
1234567,1356,2,2,2,2
1234567,13561,3,4,3,4
1234567,13563,5,4,4,4
1234567,13565,3,3,3,3
1234567,13569,2,2,2,2
1234567,13587,2,3,2,3
1234567,13589,3,1,3,1
1234567,13590,3,2,3,2
1234567,13604,2,2,2,2
1234567,13606,3,3,3,3
1234567,13614,3,4,3,4
2,13614,2,3,2,3
1234567,13632,5,4,5,4
1234567,13633,2,2,2,2
1234567,13636,2,3,2,3
1234567,13638,4,3,4,3
1234567,13651,1,2,1,2
1234567,13664,2,2,2,2
1234567,1367,2,3,2,3
1234567,13674,4,4,4,4
1234567,13677,3,2,2,2
1234567,13682,3,2,3,2
1234567,13686,4,4,4,4
1234567,13744,3,3,3,3
1234567,13748,1,1,1,1
1234567,13760,4,3,4,3
1234567,13769,2,1,2,1
1234567,13783,3,3,3,3
1234567,13787,2,3,2,3
1234567,13802,3,3,3,3
1234567,13823,2,2,2,2
1234567,13828,4,3,4,3
1234567,13831,3,3,3,3
1234567,13835,1,2,1,2
1234567,13838,4,4,4,4
1234567,13853,1,1,1,1
1234567,13858,3,2,3,2
1234567,13861,2,2,2,2
1234567,13877,1,2,1,2
1234567,13878,2,3,2,3
1234567,1388,4,3,4,3
1234567,13899,3,3,3,3
1234567,13905,2,2,2,2
1234567,13909,2,3,2,3
1234567,13911,4,3,4,3
1234567,13912,1,2,1,2
1234567,13927,2,3,2,3
1234567,13934,2,2,1,2
1234567,13936,3,3,3,3
1234567,13964,3,4,3,3
1234567,13965,3,2,2,2
1234567,13989,4,3,4,3
1234567,140,5,4,5,4
1234567,14013,1,2,1,2
1234567,14046,2,2,2,2
1234567,1406,2,2,2,2
1234567,1407,5,4,5,4
1234567,14070,1,2,1,2
1234567,14072,2,3,2,3
1234567,14075,3,3,3,3
1234567,14077,3,2,3,2
1234567,14079,3,3,3,3
1234567,14086,1,2,1,2
1234567,14088,2,2,2,2
1234567,14089,4,3,3,3
1234567,14096,2,3,2,3
1234567,14100,3,2,3,2
1234567,14136,3,2,3,2
1234567,14137,2,3,2,3
1234567,14144,4,4,4,4
3,14144,4,3,4,3
1234567,14154,2,2,2,2
1234567,14171,3,3,3,3
1234567,14177,3,3,3,3
1234567,14185,2,3,2,3
1234567,14189,3,3,3,3
1234567,14198,3,4,3,4
2,14198,2,3,2,3
1234567,14199,2,2,2,2
1234567,14203,1,1,1,1
1234567,14209,3,3,3,3
1234567,14216,3,3,3,3
1234567,14231,2,2,2,2
1234567,14234,3,3,3,3
1234567,14244,5,4,5,4
1234567,14248,3,3,3,3
1234567,1425,2,3,2,3
1234567,14255,4,2,3,2
1234567,14258,2,2,2,2
1234567,14272,1,2,1,2
1234567,14279,3,2,3,2
1234567,14282,3,2,3,2
1234567,14283,2,4,2,4
1234567,14290,3,2,3,2
1234567,14292,4,3,4,3
1234567,14314,5,3,4,3
1234567,14317,2,2,2,2
1234567,1432,2,2,1,1
1234567,14320,3,3,2,3
1234567,14324,3,3,3,3
1234567,14329,3,2,3,2
1234567,14335,2,3,2,3
1234567,14347,4,3,4,3
1234567,14361,2,3,2,3
1234567,14372,4,4,3,4
1234567,14380,3,2,3,2
1234567,14386,2,2,2,2
1234567,14392,1,1,1,1
1234567,14429,3,3,3,3
1234567,14430,1,2,1,2
1234567,1444,3,3,3,3
1234567,14440,4,3,4,3
1234567,14442,2,2,2,2
1234567,14459,2,3,2,3
1234567,14462,4,3,4,3
1234567,14469,3,2,3,2
1234567,14470,3,2,3,2
1234567,14484,2,3,2,3
1234567,14492,2,2,1,2
1234567,14496,3,4,3,4
2,14496,2,3,2,3
1234567,145,3,3,3,3
1234567,14503,2,2,2,2
1234567,14505,3,3,3,3
1234567,14506,3,4,3,4
1234567,14518,2,2,2,2
1234567,14537,3,3,3,3
1234567,14551,3,2,3,2
1234567,14552,3,3,3,3
1234567,14560,3,3,3,3
1234567,14575,3,3,3,3
1234567,14581,2,2,2,2
1234567,14594,3,2,3,2
1234567,14611,3,3,3,3
1234567,14625,2,2,2,2
1234567,14643,2,2,2,2
1234567,14648,3,4,3,4
1234567,14712,1,1,1,1
1234567,14716,2,3,2,3
1234567,14720,2,3,2,3
1234567,14722,2,2,2,2
1234567,14732,3,3,3,3
1234567,14738,3,3,3,3
1234567,14740,3,1,3,1
1234567,14743,3,2,3,2
1234567,14775,2,0,2,0
1234567,14793,2,2,2,2
1234567,14800,3,3,3,3
1234567,14808,2,3,2,3
1234567,14810,2,2,2,2
1234567,1482,2,2,2,2
1234567,14826,2,2,2,2
1234567,14836,3,2,3,2
1234567,14859,3,4,3,4
1234567,1488,3,3,3,3
1234567,14902,3,3,3,3
1234567,14904,3,3,3,3
1234567,14930,3,3,3,3
1234567,14932,3,2,3,2
1234567,14941,2,3,2,3
1234567,14947,3,3,3,3
1234567,14957,2,1,2,1
1234567,14962,2,1,2,1
1234567,14983,3,4,3,4
1234567,14995,4,3,4,3
1234567,1500,2,3,2,3
1234567,15005,2,2,2,2
1234567,15020,3,3,3,3
1234567,15033,2,2,1,2
1234567,15040,3,3,3,3
1234567,15051,3,3,3,3
1234567,15060,3,2,3,2
1234567,15074,4,2,4,2
1234567,15083,2,1,2,1
1234567,15085,4,4,4,4
1234567,15121,4,4,4,4
1234567,15122,4,3,3,3
1234567,15135,4,3,4,3
1234567,15142,3,3,3,3
1234567,15150,2,1,2,1
1234567,15152,2,3,2,3
1234567,15153,5,4,5,4
1234567,15160,2,2,2,2
1234567,15165,3,2,2,2
1234567,15175,3,2,3,2
1234567,15192,3,2,3,2
1234567,15202,2,2,2,2
1234567,15213,4,3,4,3
1234567,15214,3,3,3,3
1234567,15216,2,1,2,2
1234567,1522,3,2,3,2
1234567,15222,2,2,2,2
1234567,15228,3,3,3,3
1234567,1523,3,3,3,3
1234567,15234,2,2,2,2
1234567,15246,2,2,2,2
1234567,15251,3,3,3,3
1234567,15257,3,4,3,4
2,15257,2,3,2,3
1234567,15272,2,2,2,2
1234567,15276,3,3,2,3
1234567,15331,3,3,3,3
1234567,15338,3,3,3,3
1234567,15371,2,2,2,2
1234567,15378,2,3,2,3
1234567,15391,2,1,1,1
1234567,154,2,2,2,2
1234567,15409,3,3,3,3
3,15409,4,3,4,3
1234567,15410,3,3,3,3
1234567,15413,2,1,2,1
1234567,15428,3,3,3,3
1234567,15438,2,0,2,0
1234567,15449,2,3,2,3
1234567,15464,3,4,3,4
1234567,15469,2,2,2,2
1234567,15475,2,3,2,3
1234567,15478,2,1,1,1
1,15480,5,5,5,5
1234567,15480,3,3,3,3
1234567,15496,3,3,2,3
1234567,15507,2,3,2,3
1234567,15510,3,2,3,2
1234567,15515,4,4,4,4
1234567,15516,2,2,2,2
1234567,15527,4,3,4,3
1234567,15529,4,4,4,4
1234567,15532,2,2,2,2
1234567,15536,4,3,4,3
1234567,15539,3,3,3,3
1234567,1554,2,1,2,1
1234567,15557,3,4,3,4
1234567,15567,4,4,4,4
1234567,15568,1,2,1,2
1234567,1557,2,2,2,2
1234567,15576,1,2,1,2
1234567,15582,3,3,2,2
2,15582,5,5,5,5
1234567,1559,3,2,3,2
1234567,15592,2,2,2,2
1234567,156,2,3,2,3
1234567,15629,3,3,3,3
1234567,15632,4,3,4,3
1234567,1564,3,3,3,3
1234567,15648,2,2,2,2
1234567,15657,3,4,3,4
2,15657,2,3,2,3
1234567,15661,3,2,3,2
1234567,15662,1,2,1,2
1234567,15670,5,4,5,4
1234567,15676,2,3,2,3
1234567,15687,3,1,3,1
1234567,15691,3,2,3,2
1234567,15695,3,2,3,2
1234567,15707,3,2,3,2
1234567,15712,2,3,2,3
1234567,15714,2,2,1,2
1234567,15716,2,3,2,3
1234567,15726,3,2,3,2
1234567,15731,2,2,2,2
1234567,15754,4,3,4,3
1234567,15763,3,2,3,2
1234567,15772,2,2,2,2
1234567,15785,4,3,4,3
1234567,15808,2,2,1,2
1234567,15809,3,2,3,2
1234567,15816,3,3,3,3
1234567,15820,3,3,3,3
1234567,15830,4,4,4,4
1234567,15836,2,3,2,3
1234567,15841,2,3,2,3
1234567,15842,4,3,4,3
1234567,15855,3,3,3,3
1234567,15911,2,2,2,2
1234567,15915,3,3,3,3
1234567,15946,4,3,4,3
1234567,15951,2,1,2,1
1234567,15955,4,4,3,4
1234567,15961,2,1,2,1
1234567,15962,3,3,3,3
1234567,15981,4,3,4,3
1234567,15982,3,3,2,3
1234567,15992,2,2,2,2
1234567,15993,2,2,2,2
1234567,15998,2,2,2,2
1234567,1600,2,2,2,2
1234567,16000,4,3,4,3
1234567,16001,3,2,3,2
1234567,16018,2,2,2,2
1234567,16021,3,2,3,2
1234567,16035,4,3,4,3
1234567,16042,3,2,3,2
1234567,16046,2,2,1,2
1234567,16055,3,3,3,3
1234567,16066,2,2,2,2
1234567,16082,1,2,1,2
1234567,16091,4,4,4,4
1234567,16112,4,3,4,3
1234567,16122,2,1,2,1
1234567,16127,3,3,3,3
1234567,16129,3,2,3,2
1234567,16131,3,3,3,3
1234567,16132,3,2,3,2
1234567,16135,5,4,5,4
1234567,16147,2,3,2,3
1234567,16150,2,3,2,3
1234567,16153,2,3,2,3
1234567,16157,5,4,5,4
1234567,16169,2,2,2,2
1234567,16231,3,3,3,3
1234567,16243,2,2,2,2
1234567,16246,3,3,3,3
1234567,16247,3,3,3,3
1234567,16252,3,4,3,4
1234567,16256,3,2,3,2
1234567,16262,1,2,1,2
1234567,16277,2,1,2,1
1234567,16300,4,4,4,4
1234567,16329,1,2,1,2
1234567,16335,4,4,4,4
1234567,16342,4,4,4,4
1234567,16344,3,3,3,3
1234567,16349,3,4,3,4
1234567,16396,2,2,1,2
1234567,16398,4,3,4,3
1234567,16408,3,3,3,3
1234567,16410,3,3,3,3
1234567,16422,3,2,3,2
1234567,1644,3,3,3,3
1234567,16444,1,1,1,1
1234567,16451,1,1,1,1
1234567,16456,3,2,3,2
1234567,16467,4,3,4,3
1234567,16477,2,2,2,2
1234567,16488,3,2,3,2
1234567,16494,2,2,2,2
1234567,16506,2,2,2,2
1234567,16540,3,3,3,3
1234567,16545,2,2,1,2
1234567,16554,3,3,3,3
1234567,16555,4,4,4,4
1234567,16559,3,3,3,3
1234567,16563,5,4,5,4
1234567,16572,3,3,3,3
1234567,16576,3,1,3,1
2,16576,5,3,5,3
1234567,16599,3,3,3,3
1234567,16613,4,2,3,2
1234567,16627,3,3,3,3
1234567,16629,1,2,1,2
1234567,16663,2,2,2,2
1234567,16670,1,2,1,2
1234567,16685,5,4,5,4
1234567,16707,2,3,2,3
1234567,16726,3,2,3,2
1234567,16731,2,3,2,3
1234567,16733,2,3,2,3
1234567,16741,4,4,4,4
1234567,1675,2,2,2,2
1234567,16761,4,3,4,3
1234567,16762,4,3,4,3
1234567,16770,4,3,3,3
1234567,16784,2,3,2,3
1234567,16788,3,3,3,3
1234567,16790,4,4,4,4
1234567,16797,3,3,3,3
1234567,16820,1,1,1,1
1234567,16830,4,3,4,3
1234567,16849,3,3,3,3
1234567,16854,3,4,3,4
1234567,16869,2,2,2,2
1234567,16889,2,2,2,2
1234567,16902,4,3,3,3
1234567,16904,2,2,2,2
1234567,16906,3,2,3,2
1234567,16915,2,2,1,2
1234567,16928,4,3,4,3
1234567,16931,2,3,2,3
1234567,16933,5,3,5,3
1234567,16950,3,2,3,2
1234567,16955,2,2,2,2
1234567,16970,1,1,1,1
1234567,16975,2,2,2,2
1234567,16982,2,3,2,3
1234567,16986,2,2,2,2
1234567,16988,2,2,2,2
1234567,16993,2,2,2,2
1234567,16996,3,2,3,2
1234567,16999,3,1,3,1
1234567,17020,2,2,1,2
1234567,17056,4,4,4,4
1234567,17065,3,2,3,2
1234567,17068,2,1,2,1
1234567,17074,4,3,4,3
1234567,17082,1,1,1,1
1234567,17085,2,4,2,4
1234567,17087,3,4,3,4
2,17087,2,3,2,3
1234567,17090,3,2,3,2
1234567,17104,2,2,1,2
1234567,17124,4,2,4,2
1234567,17137,3,3,3,3
1234567,17174,2,3,2,3
1234567,17182,2,3,2,3
1234567,17196,3,3,3,3
1234567,17202,1,1,1,1
1234567,17203,2,2,2,2
1234567,17232,2,1,2,1
1234567,17255,2,2,2,2
1234567,17290,3,3,3,3
1234567,17304,3,2,2,2
1234567,1731,4,4,4,4
1234567,17310,2,3,2,3
1234567,17324,2,3,2,3
1234567,17326,2,2,2,2
1234567,17334,4,4,4,4
1234567,17337,3,3,3,3
1234567,17344,4,4,4,4
1234567,17348,2,2,1,2
1234567,17358,3,3,3,3
1234567,17394,3,2,3,2
1234567,174,3,2,2,2
1234567,17411,1,2,1,2
1234567,17423,4,4,4,4
1234567,17447,3,3,3,3
1234567,17454,2,2,2,2
1234567,17466,3,2,3,2
1234567,17515,4,4,3,4
1234567,17523,2,3,2,3
1234567,17534,3,2,3,2
1234567,17536,3,3,3,3
3,17536,4,3,4,3
1234567,17551,4,2,4,2
1234567,17554,3,3,3,3
1234567,17556,3,2,3,2
1234567,17558,2,3,2,3
1234567,17561,4,3,4,3
1234567,17574,1,1,1,1
1234567,17616,4,4,4,4
1234567,17624,1,2,1,2
1234567,17626,3,3,3,3
1234567,17635,5,4,5,4
1234567,17640,3,3,3,3
1234567,17642,2,3,2,3
1234567,17650,3,3,3,3
1234567,17654,1,1,1,1
1234567,17660,4,3,4,3
1234567,17689,2,1,2,1
1234567,17706,3,3,3,3
1234567,17725,2,2,2,2
1234567,17728,4,3,4,3
1234567,17734,4,3,4,3
1234567,17741,2,2,2,2
1234567,17742,4,3,4,3
1234567,1779,3,2,3,2
2,1779,5,4,5,4
1234567,1803,2,2,2,3
1234567,1807,5,4,5,4
1234567,1825,4,4,3,4
1234567,1832,2,3,2,3
1234567,1841,2,1,2,1
1234567,1848,2,3,2,3
1234567,185,2,3,2,3
1234567,1851,2,3,2,3
1234567,1853,1,2,1,2
1234567,1868,3,3,3,3
1234567,1889,2,2,2,2
1234567,1893,4,4,4,4
1234567,1896,2,1,2,1
1234567,1898,3,3,3,3
1234567,1903,2,1,2,1
1234567,191,3,3,4,5
1234567,192,2,2,2,2
1234567,1924,3,0,2,0
1234567,1944,2,2,2,2
1234567,1951,3,2,3,2
1234567,1952,3,3,3,3
1234567,1958,3,3,3,3
1234567,1966,3,2,3,2
1234567,1967,4,4,3,4
1234567,1983,1,1,1,1
1234567,1993,2,1,2,1
1234567,2014,2,2,2,2
1234567,2015,3,4,3,4
1234567,2028,3,3,2,3
1234567,2036,4,3,4,3
1234567,2042,4,3,4,3
1234567,2043,2,3,2,3
1234567,2053,3,2,3,2
1234567,2058,3,2,3,2
1234567,207,3,2,3,2
1234567,2079,4,3,4,3
1234567,2083,2,2,1,2
1234567,2103,4,4,4,4
1234567,2104,2,2,2,2
1234567,2106,5,4,5,4
1234567,2110,2,2,1,2
1234567,2130,2,2,2,2
1234567,214,4,3,3,3
1234567,2160,3,3,3,3
1234567,2168,3,3,2,3
1234567,2193,2,2,2,2
1234567,2212,2,2,2,2
1234567,222,4,3,4,3
1234567,2232,4,3,3,3
1234567,2235,3,2,3,2
1234567,2243,1,2,1,2
1234567,2251,2,3,2,3
1234567,229,2,3,2,3
1234567,2290,1,2,1,2
1234567,2313,3,2,3,2
1234567,2316,2,2,2,2
1234567,2342,3,4,3,4
3,2342,4,3,4,3
1234567,2343,2,1,2,1
1234567,2344,3,2,3,2
1234567,2352,4,3,3,3
1234567,2355,4,3,4,3
1234567,2356,2,1,2,1
1234567,2366,3,3,2,3
1234567,237,3,3,3,3
1234567,2375,1,2,1,2
1234567,2418,4,4,4,4
1234567,2430,3,4,3,4
3,2430,4,4,4,4
1234567,2432,3,2,3,2
1234567,2438,3,2,3,2
1234567,2460,2,3,2,3
1234567,2492,3,3,2,3
1234567,2503,5,5,5,5
1234567,2506,2,3,2,3
1234567,2510,4,3,3,3
1234567,2512,3,3,2,3
1234567,2518,2,2,2,2
1234567,2532,3,4,3,4
2,2532,2,3,2,3
1234567,2544,3,3,3,3
1234567,2552,3,3,3,3
1234567,2560,2,1,2,1
1234567,2562,3,1,3,1
1234567,2569,4,3,4,3
1234567,259,2,2,2,2
1234567,2597,4,3,4,3
1234567,2601,2,3,2,3
1234567,2604,2,1,2,1
1234567,2616,4,2,4,2
1234567,2621,3,3,3,2
1234567,2629,3,2,3,2
1234567,2642,1,1,1,1
1234567,2643,4,4,3,4
1234567,2658,3,2,2,2
1234567,2659,4,3,4,3
1234567,2660,2,3,2,3
1234567,2666,3,3,3,3
1234567,2667,2,1,2,1
1234567,267,2,3,2,3
1234567,2675,2,1,2,1
1234567,2678,3,3,3,3
1234567,2682,4,4,4,4
1234567,2707,4,3,3,3
1234567,2715,4,3,4,3
1234567,2718,3,2,3,2
3,2718,5,3,5,3
1234567,2731,3,2,3,2
1234567,2745,3,3,3,3
1234567,2749,2,2,1,2
1234567,2755,2,2,1,2
1234567,2756,2,2,2,2
1234567,2757,1,2,1,2
1234567,276,3,2,3,2
1234567,2773,3,4,3,4
1234567,2786,4,3,4,3
1234567,2789,4,3,3,3
1234567,2794,1,1,1,1
1234567,28,2,2,1,2
1234567,2807,2,2,2,2
1234567,2808,3,3,3,3
1234567,2818,3,3,3,3
1234567,2859,2,2,2,2
1234567,2861,1,2,1,2
1234567,2866,1,1,1,1
1234567,287,2,2,2,2
1234567,2886,4,4,4,4
1234567,2905,2,3,2,3
1234567,2909,4,3,4,3
1234567,2913,3,4,3,4
2,2913,4,4,4,4
3,2913,5,5,5,5
1234567,2918,3,2,3,2
1234567,2925,5,4,4,4
1234567,2928,3,3,3,3
1234567,2931,3,2,3,2
1234567,2955,2,3,2,3
1234567,2969,4,3,4,3
1234567,2988,2,2,2,2
1234567,2995,3,2,3,2
1234567,3022,3,2,2,2
1234567,3032,3,4,3,4
1234567,3033,2,4,2,4
1234567,3043,1,1,1,1
1234567,3044,3,3,3,3
1234567,305,1,2,1,2
1234567,3054,3,3,3,3
1234567,3057,2,3,2,3
1234567,3068,5,4,5,4
1234567,3069,3,2,3,2
1234567,3073,3,4,3,4
1234567,3094,2,1,2,1
1234567,3107,1,2,1,2
1234567,3143,1,1,1,1
1234567,3149,3,3,3,3
1234567,3151,5,4,5,4
3,3151,4,3,4,3
1234567,3164,2,3,2,3
1234567,3165,4,4,4,4
3,3165,4,3,4,3
1234567,3170,3,3,2,3
1234567,3176,3,3,3,3
1234567,318,3,1,3,1
1234567,3189,4,2,3,2
1234567,3196,2,2,2,2
1234567,3200,3,3,3,3
1234567,3201,4,3,4,3
1234567,3229,2,2,2,2
1234567,3232,1,2,1,2
1234567,3237,3,3,3,3
1234567,3243,4,4,4,4
1234567,3253,3,3,3,3
2,3253,2,3,2,3
1234567,3257,3,2,3,2
1234567,3269,2,3,2,3
1234567,3271,2,2,2,2
1234567,3274,5,5,5,5
1234567,3281,2,3,2,3
1234567,3285,2,3,2,3
1,3290,5,5,5,5
1234567,3290,4,4,4,4
1234567,3298,4,3,4,3
1234567,3301,4,4,4,4
1234567,3326,2,2,2,2
1234567,3329,2,2,2,2
1234567,3330,3,3,3,3
1234567,3351,4,3,4,3
1234567,3359,3,3,3,3
1234567,336,4,3,3,3
1234567,3418,1,1,1,1
1234567,3440,2,1,2,1
1234567,3486,4,3,3,3
1234567,3492,3,3,3,3
1234567,3498,2,3,2,3
1234567,3538,1,1,1,1
1234567,3541,2,3,2,3
2,3541,2,3,2,3
1234567,3546,3,3,3,3
1234567,3559,2,3,2,3
1234567,3568,4,4,4,4
1234567,3584,2,2,2,2
1234567,3586,3,2,3,3
1234567,3587,3,3,3,3
1234567,359,2,3,2,3
1234567,3598,4,4,4,4
1234567,3613,4,4,4,4
1234567,3638,2,3,2,3
1234567,3647,2,2,2,2
1234567,3652,2,2,2,2
1234567,3655,2,1,2,1
1234567,3658,2,1,2,1
1234567,3685,3,4,3,4
1234567,3702,2,2,2,2
1234567,3705,3,3,3,3
1234567,3706,2,3,2,3
1234567,3722,4,3,4,3
1234567,3727,5,4,5,4
1234567,3733,3,3,3,3
1234567,3734,2,3,2,3
1234567,3740,4,4,4,4
1234567,3742,3,4,3,4
1234567,3743,4,4,4,4
1234567,3760,3,3,3,3
1234567,380,4,3,4,3
1234567,3824,5,4,5,4
3,3824,4,3,4,3
1234567,3848,4,3,4,3
1234567,3861,3,3,3,3
1234567,3862,2,2,2,2
1234567,3874,4,3,4,3
1234567,3878,2,2,2,2
1234567,3881,4,3,4,3
1234567,3889,2,2,2,2
1234567,3890,2,2,1,2
1234567,3891,3,2,3,2
1234567,3893,3,3,2,3
1234567,3903,2,3,2,3
1234567,3904,2,2,2,2
1234567,3914,3,3,3,3
1234567,3928,1,3,1,3
1234567,3941,4,4,4,4
1234567,3943,2,2,1,2
1234567,3944,3,3,3,3
1234567,395,1,3,1,3
1234567,3977,4,3,4,3
1234567,3978,3,3,3,3
1234567,398,2,1,1,1
1234567,3994,2,2,2,2
1234567,4002,2,2,2,2
1234567,4005,1,2,1,2
1234567,4008,3,3,3,3
1234567,4023,3,2,3,2
1234567,4032,5,4,5,4
1234567,4042,2,2,2,2
1234567,4049,3,3,3,3
1234567,4061,4,3,4,3
1234567,4064,2,2,2,2
1234567,4076,2,1,2,1
1234567,4095,3,2,3,2
1234567,4119,2,2,2,2
1234567,4122,3,3,3,3
1234567,4128,3,2,2,2
1234567,4129,4,4,4,4
1234567,4144,3,3,3,3
1234567,4152,3,2,2,2
1234567,4160,3,3,3,3
1234567,417,2,2,2,2
1234567,4190,1,0,1,0
1234567,4207,2,3,1,3
1234567,4215,3,3,3,3
1234567,4238,2,3,2,3
1234567,4239,2,1,2,1
1234567,4257,3,3,2,3
1234567,4264,3,2,2,2
1234567,4268,3,2,2,2
1234567,4272,3,2,3,2
1234567,4283,1,1,1,1
1234567,4299,2,2,2,2
1234567,43,2,2,2,2
1234567,4329,4,3,3,3
1234567,4346,3,3,3,3
1234567,4359,5,4,5,4
1234567,4385,3,4,3,4
1234567,4394,2,2,2,2
1234567,440,3,2,3,2
1234567,4405,2,3,2,3
1234567,442,3,3,3,3
1234567,4429,2,2,1,2
1234567,4432,2,2,2,2
1234567,4439,3,3,3,3
1234567,4445,4,3,4,3
1234567,4468,2,3,2,3
1234567,4496,2,3,2,3
1234567,450,3,3,3,3
1234567,4513,2,2,2,2
1234567,4518,3,3,2,3
2,4518,5,4,5,4
1234567,4538,2,1,2,1
1234567,4544,3,2,3,2
1234567,4552,3,4,3,4
1234567,4556,2,1,2,1
1234567,4563,2,2,2,2
1234567,4566,2,2,2,2
1234567,457,3,1,4,3
1234567,4574,3,2,3,2
1234567,4613,3,3,3,3
1234567,4619,2,2,2,2
1234567,4627,5,5,5,5
1234567,4637,1,1,1,1
1234567,4640,2,2,2,2
1234567,4645,1,1,1,1
1234567,4647,5,4,5,4
1234567,4694,4,2,4,2
1234567,474,3,5,3,5
2,474,2,4,2,4
1234567,4742,1,1,1,1
1234567,4750,3,2,3,2
1234567,4768,5,5,5,5
1234567,48,2,2,2,2
1234567,481,3,3,3,3
1234567,4811,3,2,3,2
1234567,4837,2,2,2,2
1234567,4840,3,3,3,3
1234567,4847,3,4,3,4
1234567,4849,2,3,2,3
1234567,4858,3,3,3,3
1234567,4868,2,3,2,3
1234567,4875,3,2,3,2
1234567,4876,2,3,2,3
1234567,4880,3,1,3,1
1234567,4901,3,2,3,2
1234567,4902,3,3,3,3
1234567,4918,2,2,2,2
1234567,4921,3,2,3,2
1234567,4932,1,2,1,2
1234567,4935,4,3,4,3
1234567,4952,3,3,3,3
1234567,4963,3,3,3,3
1234567,4966,3,2,3,2
1234567,4981,2,2,2,2
1234567,4986,2,1,2,1
1234567,5008,3,3,3,3
1234567,5025,1,2,1,2
1234567,5026,2,2,2,2
1234567,5027,3,3,3,3
1234567,5062,4,3,4,3
1234567,5069,2,2,2,2
2,5069,5,5,5,5
1234567,507,5,5,5,5
1234567,5096,3,3,3,3
1234567,5098,3,1,3,1
1234567,510,2,2,2,2
1234567,5123,3,3,3,3
1234567,5142,4,3,4,3
1234567,5143,1,2,1,2
1234567,5149,2,3,2,3
1234567,5157,3,2,2,2
1234567,5159,3,1,3,1
1234567,5160,4,3,4,3
1234567,5175,3,3,3,3
1234567,518,2,3,2,3
1234567,5206,2,2,2,2
1234567,5225,3,3,3,3
1234567,5267,4,3,4,3
1234567,5272,3,3,3,3
1234567,5284,3,3,3,3
1234567,5294,2,2,2,2
1234567,5311,4,3,4,3
1234567,5336,3,3,3,3
1234567,5337,2,2,2,2
1234567,5361,1,2,1,2
1234567,5364,4,3,4,3
1234567,5367,2,3,2,3
1234567,5369,2,3,2,3
1234567,5408,4,4,4,4
1234567,541,3,2,3,2
1234567,5426,2,2,1,2
1234567,543,1,1,1,1
1234567,5465,3,3,3,3
1234567,5474,2,2,2,2
1234567,5484,4,3,4,3
1234567,5485,2,2,2,2
1234567,5552,3,3,3,3
1234567,5556,2,2,1,2
1234567,5568,2,1,2,1
1234567,557,1,1,1,1
1234567,5577,2,3,2,3
1234567,5604,1,1,1,1
1234567,5607,1,2,1,2
1234567,5623,3,2,3,2
1234567,5640,1,2,1,2
1234567,5641,2,2,2,2
1234567,5651,2,2,2,2
1234567,566,3,2,2,2
1234567,5699,4,4,4,4
1234567,5700,1,3,1,3
1234567,5716,4,3,3,3
1234567,5727,2,3,2,3
1234567,5729,4,3,4,3
1234567,5748,3,3,3,3
1234567,5760,3,4,3,4
1234567,5766,4,3,4,3
1234567,578,3,2,3,2
1234567,5785,3,3,3,3
1234567,5790,5,3,5,3
1234567,5799,1,1,1,1
1234567,5813,3,4,3,4
1234567,5814,2,3,2,3
1234567,5827,2,2,2,2
1234567,583,4,3,4,3
1234567,5835,2,2,2,2
1234567,5849,3,3,3,3
1234567,5877,1,2,1,2
1234567,5883,4,4,4,4
1234567,5898,5,5,5,5
1234567,5901,3,3,3,3
1234567,5911,3,3,3,3
1234567,5921,5,4,5,4
1234567,594,3,2,3,2
1234567,5941,3,3,3,3
1234567,5943,5,5,5,5
1234567,5945,4,4,4,4
3,5945,4,3,4,3
1234567,595,2,3,2,3
1234567,5958,2,3,2,3
1234567,5963,4,4,4,4
1234567,5966,2,2,2,2
1234567,5970,3,3,3,3
1234567,5979,3,2,3,2
1234567,6014,1,1,1,1
1234567,6066,1,2,1,2
1234567,6069,5,3,5,3
1234567,6085,2,3,2,3
1234567,6086,1,2,1,2
1234567,6093,3,4,3,4
1234567,61,4,3,4,3
1234567,6103,1,0,1,0
1234567,6110,3,3,3,3
1234567,6121,2,1,2,1
1234567,6131,1,2,1,2
1234567,6136,3,3,3,3
1234567,6137,4,3,4,3
1234567,6140,3,2,3,2
1234567,6172,4,4,4,4
1234567,6177,1,2,1,2
1234567,6190,1,2,1,2
1234567,6200,3,2,3,2
1234567,6208,3,2,3,2
1234567,6215,2,2,2,2
1234567,6220,2,3,2,3
1234567,6226,3,3,3,3
1234567,6228,4,4,4,4
1234567,6230,3,3,3,3
1234567,6252,3,1,3,1
1234567,626,2,3,2,3
1234567,6260,4,3,4,3
1234567,6276,3,2,3,2
1234567,6277,3,2,3,2
2,6277,5,3,5,3
1234567,6281,2,3,2,3
1234567,6285,3,2,3,2
1234567,6287,2,2,1,2
1234567,6289,2,1,2,1
1234567,6291,1,1,1,1
1234567,6308,2,2,2,2
1234567,6315,2,2,2,2
1234567,6334,1,1,1,1
1234567,6336,3,3,3,3
1234567,6338,4,3,4,3
1234567,634,3,4,3,4
1234567,6347,2,2,2,2
1234567,6354,3,2,3,2
1234567,6356,2,2,2,2
1234567,6358,2,2,2,2
1234567,636,1,2,1,2
1234567,6363,3,1,3,1
1234567,6389,3,4,3,4
1234567,6390,3,2,3,2
1234567,6395,3,2,3,2
1234567,64,4,3,4,3
1234567,6405,2,2,2,2
1234567,6406,4,4,4,4
1234567,6408,1,1,1,1
1234567,6417,3,2,3,2
1234567,6419,4,3,3,3
1234567,6424,2,3,2,3
1234567,6446,4,3,4,3
1234567,6448,3,3,3,3
1234567,6467,3,3,3,3
1234567,647,2,2,1,2
1234567,6480,3,2,3,2
1234567,6481,3,3,3,3
1234567,6482,2,2,2,2
1234567,6522,4,4,4,4
1234567,6523,2,2,1,2
1234567,6536,2,2,2,2
1234567,6537,1,1,1,1
1234567,6541,4,4,4,4
1234567,6543,4,4,4,4
1234567,655,1,1,1,1
1234567,6550,2,2,2,2
1234567,6562,4,3,4,3
1234567,6566,4,4,4,4
1234567,6567,4,3,4,3
1234567,6593,3,3,3,3
1234567,66,3,2,3,2
1234567,6611,2,1,2,1
1234567,6619,3,3,2,3
1234567,6629,2,2,2,2
1234567,6650,3,3,3,3
1234567,666,1,1,1,1
1234567,6663,2,2,2,2
1234567,6666,5,4,5,4
3,6666,4,3,4,3
1234567,6668,3,2,3,2
1234567,6678,3,2,3,2
1234567,6680,2,2,2,2
1234567,669,4,3,4,3
1234567,6714,3,2,3,2
1234567,6737,4,3,4,3
1234567,6743,3,2,3,2
1234567,6748,3,3,3,3
1234567,6756,2,2,2,2
1234567,681,2,2,2,2
1234567,6830,4,3,4,3
1234567,6839,3,2,3,2
1234567,6871,2,2,2,2
1234567,6872,2,2,2,2
1234567,6885,4,3,4,3
1234567,6889,2,1,2,1
1234567,6892,5,5,5,5
3,6892,4,3,4,3
1234567,6894,2,2,2,2
1234567,6901,2,2,2,2
1234567,6912,2,3,2,3
1234567,6914,5,4,5,4
1234567,6917,3,3,3,3
1234567,6919,3,3,3,3
1234567,6932,2,2,2,2
1234567,6939,4,4,4,4
1234567,6946,4,4,4,4
1234567,6971,2,3,2,3
1234567,6985,3,3,3,3
1234567,6988,3,3,2,3
1234567,6991,3,2,3,2
1234567,6998,5,4,5,4
1234567,7011,3,3,3,3
1234567,7016,4,5,4,5
1234567,7022,4,3,4,3
1234567,7030,3,3,3,3
1234567,7033,3,2,3,2
1234567,7061,2,2,2,2
1234567,7063,4,3,4,3
1234567,7067,2,1,1,1
1234567,7068,4,2,3,2
1234567,7075,2,2,2,2
1234567,7077,2,2,2,2
1234567,7084,2,2,2,2
1234567,7089,3,2,3,2
1234567,7109,4,3,4,3
1234567,7116,4,3,4,3
1234567,712,2,3,2,3
1234567,7132,2,1,2,1
1234567,7136,2,2,2,2
1234567,7137,2,3,2,3
1234567,7145,2,3,2,3
1234567,7147,2,3,2,3
1234567,7148,4,4,4,4
2,7148,2,3,2,3
1234567,718,2,2,2,2
1234567,7186,1,2,1,2
1234567,7188,4,3,4,3
1234567,722,2,3,2,3
1234567,7238,2,2,2,2
1234567,7244,3,4,3,4
1234567,7247,2,2,1,2
1234567,725,4,4,4,4
1234567,7255,2,2,2,2
1234567,7262,3,3,3,3
1234567,7273,3,3,3,3
1234567,7283,4,3,3,3
1234567,7292,2,2,2,2
1234567,7299,1,1,1,1
1234567,7329,4,3,4,3
1234567,7334,2,3,2,3
1234567,7339,3,2,3,2
1234567,735,3,2,3,2
1234567,7382,2,3,2,3
1234567,7386,3,3,3,3
1234567,7387,2,3,2,3
1234567,740,2,1,2,1
1234567,7400,2,3,2,3
1234567,7406,3,3,3,3
1234567,7408,3,3,3,3
1234567,7418,2,1,2,1
1234567,7437,1,1,1,1
1234567,7458,3,2,3,2
1234567,7466,3,3,3,3
1234567,7476,3,2,2,2
1234567,7495,2,2,2,2
1234567,7503,4,3,4,3
1234567,7505,2,3,2,3
1234567,7511,1,2,1,2
1234567,7512,3,3,3,3
1234567,7516,2,3,2,3
1234567,7517,3,3,3,3
1234567,7518,2,1,2,1
1234567,7524,3,3,3,3
2,7524,2,2,2,2
1234567,7527,5,3,5,3
1234567,7537,3,3,3,3
1234567,7551,2,3,2,3
1234567,7557,5,4,4,4
1234567,7567,2,1,2,1
1234567,7569,4,5,4,5
1234567,7571,3,3,2,3
1234567,7577,2,3,2,3
1234567,7587,1,0,1,0
1234567,7607,5,4,5,4
1234567,761,2,2,2,2
1234567,7625,1,1,1,1
1234567,7638,4,4,4,4
1234567,7656,3,3,2,3
1234567,7681,3,3,3,3
1234567,7698,2,2,2,2
1234567,7721,2,2,2,2
1234567,7726,4,3,4,3
1234567,7736,2,2,1,2
1234567,7747,4,4,4,4
1234567,7763,2,3,2,3
1234567,7768,4,3,4,3
1234567,7770,3,2,3,2
1234567,7776,3,3,2,3
1234567,779,3,2,3,2
1234567,7801,4,4,4,4
1234567,7802,2,1,2,1
1234567,7806,1,1,1,1
1234567,7812,4,4,3,4
2,7812,2,3,2,3
1234567,7822,1,1,1,1
1234567,7823,3,3,3,3
1234567,7838,3,2,3,2
1234567,7858,3,3,3,3
1234567,7868,2,2,2,2
1234567,790,3,2,3,2
1234567,7901,4,3,4,3
1234567,7903,2,3,2,3
1234567,7906,3,3,3,3
1234567,7916,2,3,2,3
1234567,7919,2,2,1,2
1234567,7923,3,3,3,3
1234567,7931,3,3,3,3
1234567,7939,1,1,1,1
1234567,795,4,3,4,3
1234567,7950,3,3,3,3
1234567,7968,4,3,4,3
1234567,797,5,4,5,4
1234567,7973,1,2,1,2
1234567,7991,2,3,2,3
1234567,8,2,2,2,2
1234567,8002,4,3,4,3
1234567,8005,2,1,1,1
1234567,8007,3,3,3,3
1234567,8008,4,4,4,4
1234567,8017,2,2,1,2
1234567,8023,3,2,3,2
1234567,8029,3,3,2,3
1234567,8051,3,2,3,2
1234567,8052,3,2,2,2
1234567,8058,3,2,3,2
1234567,8072,3,4,3,4
1234567,8085,3,3,3,3
1234567,8096,2,2,2,2
1234567,8107,3,3,3,3
3,8107,4,3,4,3
1234567,8121,2,1,2,1
1234567,8128,3,3,2,3
1234567,813,3,3,3,3
1234567,815,1,1,1,1
1234567,816,3,3,3,3
1234567,8162,3,3,3,3
1234567,8163,4,4,4,4
1234567,8166,2,2,2,2
1234567,8182,4,3,4,3
1234567,8200,2,2,2,2
1234567,8206,3,3,3,3
1234567,8207,5,4,5,4
1234567,8220,3,2,3,2
1234567,8249,3,2,3,2
1234567,826,1,1,1,1
1234567,8260,4,3,4,3
1234567,8268,3,2,3,2
1234567,827,4,3,4,3
1234567,8307,2,1,2,1
1234567,8315,3,3,3,3
1234567,834,3,3,3,3
1234567,8341,2,1,1,1
1234567,8352,3,2,3,2
1234567,8354,3,4,3,4
1234567,8365,2,1,1,1
1234567,8390,4,3,4,3
1234567,8392,3,3,3,3
1234567,8401,3,1,3,1
1234567,8422,3,2,3,2
1234567,8428,2,3,2,3
1234567,8435,2,1,2,1
1234567,844,3,2,3,2
1234567,8448,3,3,2,3
1234567,8452,2,2,2,2
1234567,8458,4,3,4,3
1234567,8488,3,3,3,3
1234567,849,3,3,3,3
1234567,8491,5,3,5,3
1234567,8493,2,2,2,2
1234567,8495,4,3,4,3
1234567,850,1,2,1,2
1234567,851,2,3,2,3
1234567,852,1,1,1,1
1234567,8526,2,3,2,3
1234567,8534,3,2,3,2
1234567,8537,2,1,1,1
1234567,855,3,2,3,2
1234567,8560,3,2,2,2
1234567,8561,1,2,1,2
1234567,8566,3,2,3,2
1234567,8582,2,2,2,2
1234567,8594,1,1,1,1
1234567,8596,3,4,3,4
2,8596,2,4,2,4
1234567,8628,3,2,3,2
1234567,865,3,3,3,3
1234567,8654,3,4,3,4
1234567,8657,2,1,2,1
1234567,8661,4,2,3,2
1234567,8677,2,3,2,3
1234567,8678,3,3,3,3
1234567,8692,4,3,4,4
1234567,8697,3,2,3,2
1234567,8703,2,3,2,3
1234567,8706,2,1,2,1
1234567,8718,2,1,2,1
1234567,8738,3,2,3,2
1234567,8766,4,3,4,3
1234567,8770,3,3,3,3
1234567,878,3,2,3,2
1234567,8798,3,2,3,2
1234567,8804,4,3,4,3
1234567,8842,4,4,4,4
1234567,8849,3,2,2,2
1234567,885,2,2,2,2
1234567,8851,1,2,1,2
1234567,8867,2,3,2,3
1234567,888,3,2,3,2
1234567,8889,1,1,1,1
1234567,8896,2,2,2,2
1234567,8905,3,3,3,3
1234567,8915,3,4,3,4
2,8915,2,3,2,3
1234567,8919,2,1,1,1
1234567,8920,1,1,1,1
1234567,8921,4,3,4,3
1234567,8933,4,4,4,4
1234567,8951,3,4,3,4
1234567,8977,2,3,2,2
1234567,8994,3,3,3,3
1234567,9025,4,4,4,4
1234567,9028,3,3,3,3
1234567,9046,3,4,3,4
1234567,9059,5,4,4,4
1234567,907,2,3,2,3
1234567,909,3,3,3,3
1234567,9093,4,3,4,3
1234567,9107,2,2,2,2
1234567,911,3,3,3,3
1234567,9130,3,3,3,3
1234567,9152,2,2,2,2
1234567,916,4,4,4,4
1234567,9167,2,1,2,1
1234567,9186,2,1,2,1
1234567,9187,2,2,2,2
1234567,9199,2,2,2,2
1234567,92,3,3,3,3
1234567,9202,2,2,1,2
1234567,923,3,2,3,2
1234567,9230,2,2,2,2
1234567,9237,1,2,1,2
1234567,9256,3,3,3,3
1234567,9297,4,4,4,4
1234567,9310,1,2,1,2
1234567,9324,2,3,2,3
1234567,9337,2,3,2,3
1234567,9376,3,3,3,3
1234567,9401,2,1,2,1
1234567,9404,3,3,3,3
1234567,9410,3,2,3,2
1234567,9422,2,2,2,2
1234567,946,4,2,4,2
1234567,9481,3,3,3,3
1234567,9482,2,3,2,3
1234567,949,4,3,4,3
1234567,9492,4,3,4,3
1234567,9517,1,1,1,1
1234567,9518,1,1,1,1
1234567,9528,1,2,1,2
1234567,9530,4,3,3,3
1234567,9537,2,2,2,2
1234567,9550,2,2,2,2
1234567,9551,2,1,2,1
1234567,9567,4,4,4,4
1234567,9568,3,2,3,2
1234567,96,2,2,1,2
1234567,960,3,3,3,3
1234567,9600,2,1,2,1
1234567,9602,4,2,4,2
1234567,9607,3,3,3,3
1234567,9612,3,2,2,2
1234567,9617,3,3,3,3
2,9617,5,5,5,5
1234567,9620,4,3,3,3
1234567,9629,3,3,3,3
1234567,9632,2,1,2,1
1234567,9640,3,3,3,3
1234567,9650,3,2,3,2
1234567,9672,3,3,3,3
1234567,9681,2,3,2,3
1234567,9689,3,4,3,4
2,9689,2,3,2,3
1234567,9691,4,4,3,4
1234567,9696,3,1,3,2
1234567,9697,3,2,3,2
1234567,9699,3,3,3,3
1234567,9701,4,4,4,4
1234567,9716,3,3,3,3
1234567,9717,2,3,2,3
1234567,9719,2,1,2,1
1234567,9720,3,2,3,2
1234567,9728,2,2,1,2
1234567,9730,2,1,2,1
1234567,9735,2,2,1,2
1234567,9744,4,3,4,3
1234567,9747,3,4,3,4
1234567,9750,3,3,3,3
1234567,9752,3,3,3,3
1234567,9767,5,4,5,4
1234567,9798,2,3,2,3
1234567,9819,3,3,3,3
1234567,9824,2,2,2,2
1234567,9843,2,2,2,2
1234567,9854,4,4,4,4
1234567,9855,4,3,4,3
1234567,9867,2,2,2,2
1234567,9875,1,1,1,1
1234567,9885,4,3,3,3
1234567,9890,3,3,3,3
1234567,992,2,3,2,3
1234567,9920,1,1,1,1
1234567,9930,2,1,2,1
1234567,9946,3,3,2,3
1234567,9953,3,2,3,2
1234567,9967,5,4,5,4
1234567,9973,3,4,3,4
1234567,9989,2,2,2,2
1234567,9993,3,3,2,3
1234567,9997,3,3,3,3
