8,2831,8649
28,12244,46039
43,58,134
48,1666,6032
61,57,136
64,45,111
66,65,139
92,67,207
96,146,440
111,8605,26136
122,1429,4148
123,106,293
127,1781,4678
140,41,98
145,141,422
154,58,160
156,3397,11396
174,119,345
175,1,4
185,1617,4813
191,2,9
192,100,300
207,59,151
214,68,180
218,37,97
222,42,97
229,202,703
237,179,606
239,1,5
252,1,5
259,219,691
267,552,1971
270,1,1
273,1,4
276,60,118
287,67,197
289,1,3
305,6324,22151
318,43,106
323,443,1084
334,1,5
336,101,305
359,1938,7907
361,6843,24425
380,312,928
395,977,3846
398,913,2580
409,243,855
417,815,3186
432,1,4
440,42,107
442,10193,39217
443,6560,25118
450,45,114
452,945,2759
457,2,5
468,1,5
474,2,9
481,114,319
483,1,5
507,772,2733
510,90,261
518,1185,4442
541,70,162
543,542,1656
557,88,211
558,1,5
566,379,1110
571,1,5
577,1374,5743
578,176,422
583,63,178
594,102,240
595,411,1565
606,384,1250
626,177,620
634,568,2383
636,7600,26295
638,2453,8375
642,597,2298
647,407,1353
655,464,1514
666,152,449
669,38,80
681,2633,8988
712,527,2127
718,607,1948
722,1484,5996
723,6959,20643
725,1011,3528
735,56,130
740,79,213
761,369,932
779,148,369
790,134,381
795,89,277
797,148,445
813,60,161
815,98,281
816,39,120
826,61,159
827,77,189
834,101,299
844,42,111
849,751,2432
850,544,1782
851,8960,34439
852,381,1113
855,228,558
865,82,260
878,42,108
885,149,442
888,30,73
907,2238,8979
909,224,656
911,300,887
916,243,854
923,49,156
930,433,1334
946,49,118
949,759,2474
960,585,2039
967,1,4
985,1,5
992,3164,12144
1007,59,184
1012,1,3
1046,9906,32954
1048,278,812
1054,58,134
1059,48,94
1061,513,1786
1076,292,1017
1078,131,316
1091,37,78
1092,2287,7139
1100,3068,6893
1104,5203,16120
1122,78,192
1123,4879,18196
1134,1391,4806
1140,2727,8299
1146,228,671
1167,318,949
1188,58,153
1190,124,355
1192,38,99
1202,20997,78892
1205,58,106
1213,488,1892
1252,602,1747
1256,3722,16432
1260,1298,3989
1268,26,53
1289,11239,28761
1305,8707,28943
1313,162,501
1333,147,380
1340,41,116
1343,67,168
1356,137,394
1367,9363,32712
1388,36,92
1406,20631,67686
1407,113,320
1425,8552,31199
1430,70,166
1432,1056,3194
1444,62,216
1455,1344,4075
1464,143,356
1482,3949,12646
1484,185,565
1488,870,3343
1500,402,1486
1522,46,111
1523,198,638
1542,1,2
1551,1,5
1554,65,175
1557,132,394
1559,219,682
1564,464,1692
1600,1532,4458
1609,171,545
1615,18043,66618
1629,307,1024
1644,191,699
1668,3083,9859
1675,54,162
1731,100,291
1744,20140,76587
1757,2625,9268
1779,21,66
1803,8549,29213
1807,484,1196
1825,162,567
1832,12225,43327
1841,18,40
1845,1233,3189
1848,933,3346
1851,1294,4351
1853,4478,15247
1868,71,229
1884,5384,16329
1889,324,990
1893,502,1526
1896,83,211
1898,87,249
1901,10062,35771
1903,129,306
1924,61,96
1944,101,270
1951,47,112
1952,42,115
1958,45,126
1966,44,90
1967,242,825
1983,7743,25210
1993,40,90
2014,131,382
2015,4994,18308
2028,357,1057
2036,42,115
2039,123,414
2042,70,187
2043,4112,15393
2053,170,501
2058,49,110
2079,61,183
2083,205,714
2103,1590,5410
2104,3511,11396
2106,139,430
2110,146,543
2116,601,1384
2130,979,3585
2147,77,235
2160,103,379
2168,548,1933
2193,124,313
2198,447,1364
2212,6449,24351
2232,39,103
2235,1590,4341
2243,810,2725
2251,3710,11531
2284,6462,18794
2290,13771,57677
2298,46,110
2313,44,86
2316,1275,3356
2342,13545,51343
2343,36,82
2344,183,508
2352,2213,7111
2355,64,203
2356,1601,3796
2366,1643,4989
2375,3355,11558
2418,1065,3904
2430,16170,66505
2432,308,709
2438,71,156
2460,6701,21790
2492,143,465
2503,645,2459
2504,68,158
2506,352,1362
2510,666,1993
2512,2185,7225
2518,3782,12140
2528,6665,21424
2532,4578,18152
2544,142,451
2552,240,710
2560,27,58
2562,64,128
2565,295,721
2569,117,285
2597,244,777
2601,1953,7681
2604,28,62
2616,55,113
2621,203,543
2629,96,260
2640,4342,15513
2642,88,198
2643,1639,5978
2658,567,1522
2659,770,2200
2660,20153,78936
2666,73,213
2667,63,132
2675,9138,22413
2678,119,306
2682,74,259
2707,39,121
2715,78,205
2718,30,72
2731,3832,10628
2745,20,57
2749,927,2885
2755,7131,26207
2756,520,1877
2757,7889,27328
2773,239,760
2782,1,5
2786,48,136
2789,589,1871
2794,592,1930
2807,65,167
2808,688,2556
2818,59,188
2859,174,509
2861,1371,5555
2862,1,5
2866,8822,28892
2886,198,699
2905,4334,15247
2909,77,216
2913,16545,66211
2918,73,191
2925,108,345
2928,399,1519
2931,447,1185
2939,428,1280
2954,2249,8268
2955,6021,22257
2969,38,92
2985,338,1307
2988,1299,3793
2995,61,155
3022,85,256
3032,49,191
3033,62,279
3043,2178,6576
3044,53,167
3054,1295,4552
3057,345,1254
3068,131,387
3069,31,90
3073,291,1043
3084,3080,9515
3094,105,264
3107,819,2978
3135,3776,12157
3143,543,1746
3147,2255,8650
3149,162,519
3151,18007,59351
3164,210,760
3165,14348,50363
3170,793,2924
3176,177,541
3189,43,74
3192,4033,11377
3196,883,2187
3200,289,974
3201,57,162
3220,1417,4148
3229,905,2859
3232,4685,17545
3237,1230,4106
3243,231,719
3253,6356,20920
3257,52,129
3269,4695,18520
3271,63,161
3274,8209,29181
3281,104,360
3285,6911,26159
3290,17292,75045
3298,43,96
3301,816,2964
3316,507,1403
3326,7386,22598
3329,56,174
3330,116,361
3351,70,190
3355,7947,27795
3359,32,95
3418,12757,39131
3427,1,3
3440,61,159
3486,336,1000
3492,336,1051
3498,127,423
3538,15397,54273
3541,11566,43098
3546,549,1842
3559,484,1692
3568,176,607
3584,112,320
3586,30,80
3587,1871,6345
3590,2819,10175
3598,137,407
3613,483,1576
3638,15996,53916
3647,65,173
3652,223,677
3655,214,434
3658,70,166
3670,10376,31419
3674,1,5
3685,1006,3737
3702,165,613
3705,143,421
3706,87,275
3722,70,190
3727,87,262
3733,1344,5078
3734,838,2627
3740,3856,13662
3742,5324,21083
3743,2275,7129
3760,223,739
3824,9680,32679
3848,70,183
3861,45,123
3862,4678,12553
3874,78,179
3878,57,130
3881,462,1323
3889,394,1072
3890,5183,15188
3891,41,101
3893,11799,40954
3903,5418,19415
3904,84,238
3914,269,967
3925,1,5
3928,2299,9736
3941,96,338
3943,517,1645
3944,687,1978
3955,1604,5813
3962,1,5
3977,67,199
3978,366,1079
3994,131,354
4002,73,217
4005,724,2567
4008,227,784
4023,63,136
4032,76,208
4042,891,2663
4049,2067,7882
4061,119,382
4064,2857,9131
4076,69,139
4095,153,369
4119,825,2690
4122,431,1359
4128,69,199
4129,205,859
4144,3010,9874
4152,228,652
4160,205,601
4170,1,4
4189,576,1939
4190,37,113
4207,3182,13475
4215,104,322
4218,130,345
4224,585,2071
4238,287,1255
4239,69,179
4257,324,1069
4264,99,309
4268,520,1656
4272,51,140
4283,1009,2776
4299,1035,3550
4329,53,133
4346,1289,3888
4359,126,355
4385,493,1827
4394,613,1206
4405,1598,6281
4429,2155,6561
4432,22565,82862
4439,177,510
4441,2048,6906
4445,77,236
4468,645,2588
4485,1837,6288
4496,3449,12761
4513,61,191
4518,72,255
4538,44,98
4544,77,135
4546,6189,20634
4552,744,2585
4556,82,196
4563,876,2605
4566,90,270
4569,1171,3188
4574,42,118
4586,5025,16217
4613,147,443
4619,35,99
4627,3317,11895
4637,56,140
4640,23525,95216
4645,153,384
4647,226,613
4685,5962,17980
4694,73,144
4699,1,4
4737,60,162
4742,47,112
4750,34,91
4761,10807,35423
4768,69,250
4811,49,126
4837,37,82
4840,401,1280
4847,15564,62122
4849,7739,27765
4852,4746,14554
4858,78,232
4868,182,709
4875,28,50
4876,6150,19800
4880,25,53
4901,59,144
4902,1655,5680
4918,437,1258
4921,59,142
4932,12689,43855
4935,157,441
4943,2769,8941
4952,97,286
4963,202,703
4966,534,1527
4981,776,2310
4986,68,142
5008,238,787
5025,9653,36851
5026,370,1305
5027,74,218
5062,76,221
5069,12869,45915
5096,599,1620
5098,30,60
5123,131,367
5129,275,851
5131,230,621
5142,30,93
5143,206,721
5149,4084,14345
5157,159,402
5159,148,248
5160,104,269
5175,293,832
5206,736,2588
5220,3674,10474
5223,1,4
5225,42,129
5267,115,355
5272,557,1846
5284,99,341
5294,562,2107
5311,60,144
5326,3729,15619
5327,8410,30008
5336,861,2670
5337,53,142
5342,3316,9366
5361,303,957
5364,36,109
5367,3561,10712
5369,756,2928
5408,84,317
5425,1260,3730
5426,329,963
5465,82,230
5474,910,2266
5484,40,117
5485,243,792
5552,42,126
5556,289,989
5562,9093,33296
5568,231,575
5577,1704,6726
5604,1146,2895
5607,8038,27253
5623,375,1070
5640,543,1701
5641,75,162
5651,7631,23077
5656,10118,36623
5699,925,3375
5700,2027,8476
5716,563,1678
5727,12503,44826
5729,34,79
5748,131,392
5760,9579,42250
5766,224,583
5785,47,129
5790,66,149
5799,1280,4058
5813,261,911
5814,18298,55133
5827,156,428
5835,81,210
5849,31,97
5877,776,2553
5883,164,571
5897,6721,20070
5898,485,1931
5901,36,109
5911,57,149
5921,66,196
5941,318,1082
5943,1781,6075
5945,616,2365
5958,1337,4723
5963,2502,9298
5966,47,118
5970,4827,17473
5979,90,242
6013,3235,9764
6014,3091,9812
6030,1,4
6032,1,4
6066,1251,4281
6069,40,97
6085,2741,10798
6086,163,529
6093,587,2224
6103,216,436
6110,5325,19191
6117,1,1
6121,53,120
6131,529,1794
6136,74,198
6137,64,158
6140,32,78
6172,786,2714
6177,2017,7099
6190,8778,31927
6200,80,227
6208,82,143
6215,130,403
6220,876,3152
6226,727,2459
6228,562,2027
6230,510,1507
6234,1873,6038
6250,174,439
6252,36,89
6257,69,159
6260,81,217
6276,53,125
6277,20,42
6281,7938,28812
6285,375,1050
6287,24394,90896
6289,71,170
6291,2231,6881
6308,189,498
6315,2778,7666
6318,897,2950
6334,1360,4129
6336,11280,38392
6338,146,384
6347,13806,39621
6354,43,98
6356,103,279
6358,114,286
6363,58,95
6389,364,1299
6390,58,144
6395,226,724
6400,502,1740
6405,57,157
6406,35,109
6408,21198,80580
6417,122,324
6419,57,155
6424,717,2710
6446,137,372
6448,506,1525
6466,86,236
6467,150,445
6480,80,186
6481,130,331
6482,19580,66942
6522,17,64
6523,6680,22554
6529,1607,5582
6536,54,153
6537,51,108
6541,856,3038
6543,181,581
6550,165,494
6556,9216,31482
6562,32,85
6566,287,1014
6567,242,725
6593,283,858
6611,748,1925
6619,344,1068
6629,97,265
6650,327,1244
6663,146,420
6666,3852,13460
6668,64,159
6678,42,106
6680,69,200
6714,58,196
6737,107,303
6743,35,95
6748,464,1545
6756,2672,10784
6830,34,89
6839,64,145
6871,133,407
6872,2725,9653
6885,44,120
6889,205,495
6892,197,724
6894,24,61
6901,151,483
6911,13316,45130
6912,1956,7023
6914,292,883
6917,935,3057
6919,356,947
6932,135,420
6939,117,451
6946,258,876
6965,558,1719
6971,25468,103701
6974,1,5
6975,46,88
6979,117,338
6985,253,826
6988,6365,20515
6989,1,1
6991,10,28
6998,26,61
7011,48,135
7016,22,95
7022,286,828
7030,16,50
7033,31,67
7061,114,264
7063,101,207
7067,13700,40203
7068,25,58
7075,53,128
7077,422,1223
7084,81,191
7089,40,67
7109,81,224
7116,46,122
7132,99,251
7136,100,231
7137,90,296
7145,9375,33179
7147,540,2157
7148,574,2064
7186,1914,6586
7188,97,301
7219,1,4
7236,52,126
7238,2161,6363
7244,98,335
7247,323,1039
7255,58,148
7257,2693,8982
7262,631,2117
7273,476,1532
7283,70,238
7292,158,479
7299,150,404
7329,62,152
7334,177,682
7339,67,160
7382,89,316
7386,86,259
7387,421,1574
7400,321,1278
7406,7197,25350
7408,58,190
7418,1032,2085
7437,130,377
7442,761,2028
7445,1771,7436
7458,49,104
7466,141,394
7476,65,197
7495,214,623
7503,102,246
7505,160,613
7511,19493,69853
7512,153,369
7516,1700,6650
7517,5714,19574
7518,498,1131
7524,2474,7400
7527,55,136
7537,463,1795
7544,8379,25977
7551,105,337
7557,472,1701
7567,63,143
7569,1477,6475
7571,740,2459
7577,1134,4528
7587,605,1247
7607,3520,10755
7625,277,829
7638,603,2229
7656,189,588
7681,170,588
7698,338,975
7721,147,468
7726,108,241
7736,954,3441
7747,45,145
7763,2498,9150
7768,59,148
7770,120,320
7776,465,1530
7801,262,952
7802,36,80
7806,87,271
7812,1285,4922
7822,55,139
7823,128,474
7838,42,100
7858,54,185
7868,346,1041
7899,7807,22245
7901,44,99
7903,595,2360
7906,67,205
7916,40,139
7919,1482,4993
7921,94,190
7923,152,456
7931,97,278
7939,651,1812
7950,41,108
7968,118,361
7973,1066,3792
7991,8683,27263
8002,45,114
8005,54,143
8007,75,204
8008,144,426
8017,650,2364
8023,94,200
8029,410,1520
8039,1162,4056
8051,3466,10090
8052,334,915
8058,30,70
8072,593,2320
8085,239,853
8086,1,5
8096,777,2586
8107,15714,59856
8121,169,506
8128,564,1839
8162,1313,4171
8163,2483,8493
8166,1167,3987
8182,23,53
8200,186,503
8206,63,185
8207,29,73
8220,42,108
8249,69,193
8260,35,99
8268,23,46
8307,581,1508
8315,344,1179
8341,85,242
8352,196,514
8354,1925,7119
8365,114,295
8384,7854,22901
8390,27,73
8392,294,993
8401,73,143
8422,53,129
8428,5243,18278
8435,65,157
8448,511,1500
8452,196,589
8458,42,118
8488,142,449
8491,81,156
8493,3856,13324
8495,86,202
8512,10632,36371
8526,5800,22121
8534,316,944
8537,130,296
8560,70,206
8561,133,413
8566,60,160
8582,88,241
8594,131,370
8596,23005,94398
8628,55,136
8654,533,2081
8657,42,115
8661,62,145
8677,5906,22592
8678,1961,7761
8692,64,199
8697,145,407
8699,2888,10270
8703,641,2193
8706,81,205
8718,49,133
8738,31,78
8766,85,202
8770,408,1515
8781,1398,4825
8798,54,102
8804,67,178
8825,1951,7035
8837,1,4
8842,88,296
8849,1430,4543
8851,12999,47345
8867,2658,8106
8883,1,2
8889,382,1139
8896,105,297
8905,145,417
8915,20646,81889
8919,399,1100
8920,710,1915
8921,47,109
8933,36,148
8951,214,818
8977,1545,5310
8994,261,800
9025,246,742
9028,1494,5502
9043,10686,36274
9046,167,651
9059,487,1397
9087,3095,9430
9093,66,165
9107,41,105
9130,216,712
9131,5975,18266
9152,1492,4545
9167,28,60
9186,64,141
9187,138,407
9199,324,1125
9202,337,1232
9230,308,1014
9237,1946,6619
9256,623,1930
9297,35,117
9310,2317,8109
9324,202,735
9337,714,2686
9343,375,976
9376,37,112
9401,41,83
9404,36,99
9410,1679,4942
9421,726,2149
9422,280,829
9423,276,917
9481,12893,47155
9482,510,1835
9492,42,128
9517,2137,6892
9518,5804,14016
9528,9825,39998
9530,30,80
9537,51,151
9550,1950,4395
9551,165,463
9567,752,2866
9568,95,262
9600,82,147
9602,57,125
9607,64,211
9612,47,133
9617,16546,56348
9620,80,235
9629,259,779
9632,32,76
9640,71,232
9650,121,325
9672,661,2264
9681,5718,20196
9689,12885,50648
9691,116,406
9696,31,50
9697,34,95
9699,381,1312
9701,366,1378
9716,69,188
9717,3017,10038
9719,89,176
9720,62,171
9728,23184,88670
9730,54,120
9735,87,249
9744,99,240
9747,495,1823
9750,147,395
9752,388,1247
9767,33,104
9798,8727,29584
9805,4274,15812
9817,161,470
9819,436,1603
9824,571,1742
9831,465,1532
9843,131,431
9854,49,173
9855,200,533
9867,81,241
9875,641,1840
9885,42,104
9890,112,356
9897,110,228
9920,125,371
9930,38,85
9945,88,291
9946,4505,17397
9953,34,86
9967,99,273
9973,42,138
9989,124,316
9993,167,615
9997,868,2948
10006,95,262
10019,2084,6914
10024,1814,6087
10025,67,192
10034,152,399
10048,45,129
10076,40,113
10077,250,940
10080,5941,25655
10082,3759,10085
10089,205,544
10100,1504,4290
10104,189,682
10108,220,490
10109,6929,19833
10127,60,181
10176,1,2
10187,39,87
10188,40,109
10194,42,105
10195,138,472
10219,64,179
10237,104,267
10248,97,245
10255,6834,26374
10284,568,1991
10319,38,112
10321,633,2475
10349,198,633
10350,165,531
10354,257,965
10368,84,203
10391,117,321
10404,85,241
10415,33,66
10428,12001,44194
10429,11567,38311
10462,106,242
10493,518,1610
10522,508,1337
10540,54,135
10555,47,119
10561,2892,10709
10572,35,92
10576,749,2657
10578,24,79
10583,1,4
10589,31,98
10595,57,163
10659,156,406
10662,4701,18192
10663,53,121
10670,55,149
10676,118,348
10686,1840,7138
10692,348,1304
10712,5862,18791
10721,4197,12551
10733,1512,4933
10734,10840,41116
10735,33,90
10743,132,516
10747,8995,32360
10750,887,3024
10757,691,2728
10762,114,323
10774,15865,60933
10777,129,369
10780,32,82
10781,97,295
10792,461,1707
10800,264,929
10810,392,1375
10818,1,4
10826,47,110
10832,1,5
10835,12672,41261
10836,1053,3483
10843,33,80
10845,78,227
10846,2217,6583
10851,2039,7762
10870,54,147
10883,1,4
10889,9579,32609
10900,79,220
10903,1509,5342
10921,13084,38681
10926,1301,3917
10939,143,411
10943,59,190
10947,21209,92029
10959,243,812
10978,59,148
10992,75,205
11003,66,205
11007,86,306
11009,41,87
11011,50,107
11021,53,166
11025,1899,6104
11027,38,108
11034,773,2324
11041,51,145
11048,60,154
11054,25,51
11056,160,543
11076,398,1210
11080,5654,16861
11086,86,236
11088,558,2230
11098,88,253
11107,282,953
11124,470,1849
11133,45,125
11158,469,1463
11159,64,162
11177,87,247
11182,18668,65773
11197,332,1027
11213,3690,11669
11232,26,61
11235,29,74
11236,2260,9092
11237,809,3099
11238,75,241
11240,232,740
11245,631,1899
11253,112,307
11259,694,2080
11261,405,1326
11284,116,378
11286,1504,4501
11288,69,173
11292,2556,9664
11294,107,217
11295,749,2618
11307,2177,7697
11312,47,113
11316,51,140
11317,1035,3177
11319,70,145
11330,92,269
11339,67,182
11340,2454,6698
11344,3,6
11347,3283,9790
11348,204,640
11352,472,1441
11376,7542,22352
11380,58,162
11391,659,2629
11395,48,115
11408,124,341
11412,531,1625
11418,66,164
11436,61,157
11442,2855,9217
11443,1,3
11463,269,818
11493,41,77
11496,3462,9364
11505,55,162
11510,130,307
11511,96,252
11513,90,213
11536,33,66
11563,658,2099
11567,492,1775
11607,1,2
11613,8362,30374
11614,2132,7040
11616,165,522
11631,107,207
11637,291,1094
11638,9675,34113
11651,4360,15635
11657,62,127
11673,9641,32547
11686,43,67
11688,1310,4892
11689,72,197
11690,1991,5281
11723,82,210
11732,3065,10159
11757,92,196
11766,55,140
11775,4069,13058
11786,212,732
11806,394,1225
11812,15086,62600
11824,94,331
11829,5101,17685
11835,76,218
11837,18752,60440
11838,14,42
11839,324,1231
11851,1662,5822
11866,60,133
11867,62,151
11884,1089,3835
11887,2334,7846
11888,15196,56650
11902,222,739
11908,1541,4324
11923,68,199
11951,56,139
11952,202,577
11965,719,2714
11966,33,91
12010,245,802
12046,54,184
12052,1,3
12059,101,304
12074,1,5
12100,916,3752
12117,28,69
12123,84,145
12125,919,3803
12133,120,275
12156,77,233
12159,235,919
12170,182,549
12178,275,1002
12180,532,1890
12184,7363,31149
12189,127,322
12199,21,51
12202,66,196
12230,223,758
12232,20275,67508
12243,9629,30080
12246,8233,30858
12273,726,2127
12275,4223,13012
12276,115,303
12278,1,3
12280,14957,55532
12284,30,75
12291,240,817
12292,3681,13538
12293,20692,92382
12298,1786,7075
12309,1,3
12336,3970,13228
12338,1,4
12348,106,353
12355,18047,53060
12372,236,760
12386,48,146
12391,2469,8332
12396,140,399
12413,369,1301
12419,42,104
12421,166,542
12422,50,151
12423,837,2824
12432,1022,3009
12452,350,1032
12455,66,155
12472,218,560
12482,1333,4681
12488,368,1403
12496,95,250
12497,14718,48877
12503,685,2105
12504,138,456
12510,46,114
12538,2281,7942
12544,81,291
12589,51,206
12604,226,624
12606,48,112
12607,386,1384
12623,708,2491
12627,635,2288
12634,96,331
12639,5060,18433
12653,224,628
12661,8619,28999
12679,1499,4066
12682,3063,9362
12683,599,1816
12695,90,269
12700,65,184
12705,91,243
12709,125,361
12733,68,146
12755,78,308
12757,202,685
12760,681,2237
12775,103,296
12778,17792,64735
12780,68,181
12785,2,8
12793,370,1343
12795,2262,7970
12798,3243,9595
12812,409,1473
12822,387,1453
12824,968,3586
12847,70,204
12852,387,1320
12855,447,1748
12863,92,230
12864,42,118
12875,1822,6693
12887,43,67
12894,4727,16753
12912,147,467
12920,123,359
12936,39,85
12946,488,1967
12948,608,2048
12952,20,76
12957,120,311
12966,1,2
12969,25,73
12977,143,457
12993,240,844
13015,15520,60615
13022,93,275
13032,30,90
13046,725,2602
13055,645,2201
13059,1179,2597
13099,80,280
13107,3954,14948
13110,135,410
13137,108,268
13145,56,154
13150,28,60
13154,263,749
13186,572,2114
13188,63,178
13199,366,1086
13212,570,1735
13215,166,345
13218,43,108
13235,368,897
13242,700,2132
13262,57,129
13270,2962,10726
13288,1194,3439
13289,38,110
13298,16189,54051
13299,27,57
13305,56,103
13326,2535,9031
13328,1765,5874
13334,285,853
13339,185,530
13359,1,4
13360,76,193
13363,54,149
13377,289,1076
13387,83,277
13412,1,2
13431,27,56
13432,80,234
13438,129,352
13451,7445,26699
13456,71,199
13461,165,437
13464,45,90
13477,2971,10450
13485,754,2131
13489,1099,3477
13507,97,267
13519,6755,18597
13531,30,70
13561,1248,4597
13563,121,375
13565,2368,7248
13569,845,2496
13587,300,994
13589,37,74
13590,34,87
13601,369,1119
13604,548,1758
13606,46,141
13608,188,708
13614,19316,76473
13632,91,250
13633,680,2328
13636,16844,66147
13638,959,2505
13651,20902,75145
13664,42,107
13674,558,1757
13677,141,324
13680,71,190
13682,34,93
13686,151,560
13707,1,4
13728,1,4
13744,188,622
13748,15659,52106
13758,103,279
13760,90,272
13769,45,79
13783,178,611
13787,9577,32998
13802,102,345
13817,67,146
13823,91,248
13828,42,100
13831,119,411
13835,1009,4062
13838,460,1445
13853,4194,12640
13858,398,1212
13861,51,126
13877,188,718
13878,492,1903
13887,8508,30515
13899,106,358
13905,179,511
13909,243,848
13911,33,86
13912,359,1278
13927,3103,11871
13934,2518,9051
13936,111,332
13938,395,1057
13964,2569,10002
13965,227,651
13989,56,180
14013,1735,5771
14046,26,74
14070,433,1434
14072,4190,15052
14075,586,1953
14077,52,128
14079,80,239
14086,1559,6193
14088,1777,5569
14089,67,216
14096,1862,6894
14099,47,93
14100,22,61
14136,72,187
14137,6763,19498
14144,7519,26910
14149,1,1
14154,3253,10502
14169,479,1362
14171,180,579
14177,1352,4659
14185,15690,63796
14189,196,568
14198,10982,43380
14199,2618,8788
14203,14353,43102
14209,14378,50641
14216,1432,5372
14231,86,229
14234,296,973
14244,162,526
14248,3343,11982
14255,45,105
14258,848,2937
14272,997,3760
14279,53,120
14282,81,217
14283,3330,14714
14290,55,139
14292,161,390
14314,92,243
14317,7965,23530
14320,3697,14853
14324,33,81
14329,98,246
14335,2292,7937
14347,70,182
14354,71,169
14361,251,1011
14372,622,2335
14380,63,170
14386,51,154
14392,135,403
14407,10218,36570
14429,128,466
14430,1067,3822
14440,34,88
14442,58,158
14457,8961,32117
14459,14925,52668
14462,60,144
14469,41,102
14470,100,212
14484,16384,55723
14492,245,862
14496,626,2471
14503,164,513
14505,2244,7651
14506,673,2477
14518,32,95
14537,212,803
14551,383,1034
14552,501,1431
14560,211,694
14575,49,132
14581,68,189
14594,55,126
14611,73,219
14625,39,86
14643,819,2893
14645,127,362
14648,2063,8980
14691,1,5
14712,19935,62961
14716,3839,14142
14720,254,924
14722,102,295
14732,640,2273
14738,4550,14456
14740,56,86
14743,25,68
14775,86,139
14793,135,373
14800,102,384
14807,374,1421
14808,778,2825
14810,577,1970
14826,94,303
14836,40,104
14859,388,1574
14902,55,146
14904,926,3452
14930,149,489
14932,46,122
14941,198,759
14947,158,481
14957,78,135
14962,122,278
14983,2246,8147
14995,58,150
15005,61,153
15020,37,110
15033,1698,6051
15040,485,1657
15051,14,41
15060,64,163
15071,663,2115
15074,66,144
15083,70,114
15085,105,357
15115,138,429
15121,62,189
15122,347,1070
15135,29,69
15142,53,145
15150,343,865
15152,488,1826
15153,1744,5028
15160,1936,6538
15165,386,1234
15175,58,116
15183,3309,13760
15192,67,167
15201,389,1388
15202,29,75
15213,144,370
15214,94,307
15216,549,1492
15222,149,481
15223,4869,14368
15228,98,285
15234,9648,28775
15246,7788,26893
15251,218,695
15257,2296,8063
15272,1976,5600
15276,966,3668
15331,64,204
15338,76,235
15371,68,216
15378,1794,6494
15391,47,93
15409,10762,36294
15410,1626,5271
15413,40,90
15428,204,749
15438,78,142
15449,5001,17230
15464,809,2990
15469,160,516
15475,961,3757
15478,72,183
15480,42,170
15496,10070,35714
15507,1014,3616
15510,46,92
15515,824,2741
15516,903,2941
15527,87,202
15529,4370,14240
15532,10785,35360
15536,46,110
15539,683,2087
15547,784,2145
15557,3363,14187
15567,231,764
15568,2270,8969
15576,2025,6931
15582,20873,70400
15592,1453,4944
15610,112,277
15629,60,215
15632,103,306
15648,62,178
15657,3310,11683
15661,48,114
15662,8330,32464
15670,82,203
15676,356,1314
15687,107,157
15691,107,311
15695,70,177
15707,438,1295
15712,7612,23916
15714,94,307
15716,1120,4094
15726,70,186
15731,64,188
15741,2042,5576
15754,238,548
15758,1,4
15763,67,164
15772,745,2572
15785,117,357
15808,2114,6885
15809,43,109
15816,10194,35538
15820,2821,8562
15830,1636,5487
15836,2351,9848
15841,1588,5627
15842,42,108
15855,931,3215
15911,476,1705
15915,90,271
15929,1001,3260
15946,212,575
15951,55,115
15955,6708,22791
15961,42,78
15962,1266,4107
15981,155,448
15982,184,645
15992,243,820
15993,30,74
15998,238,672
16000,36,103
16001,61,169
16018,51,126
16021,66,204
16022,2272,9248
16035,90,228
16042,82,214
16046,1658,5278
16055,71,203
16066,140,422
16082,16542,57932
16091,38,134
16112,126,319
16120,51,134
16122,37,69
16127,208,607
16129,212,554
16131,43,121
16132,63,158
16135,149,422
16147,10430,46130
16150,8561,31865
16153,1163,4119
16157,194,602
16162,627,2098
16169,12184,35700
16188,89,237
16223,1,3
16231,62,181
16232,2190,6506
16243,76,186
16246,311,1114
16247,290,937
16252,205,795
16256,36,91
16262,7558,25915
16277,60,148
16283,2626,6658
16286,17675,62623
16300,872,2516
16311,1063,4018
16329,1378,4980
16335,371,1203
16342,138,493
16344,4660,14370
16349,1629,6434
16396,239,786
16398,63,177
16408,21,61
16410,121,401
16422,63,159
16444,1641,5499
16451,51,121
16456,48,105
16467,71,192
16477,118,332
16488,65,166
16494,188,558
16506,385,1099
16540,189,630
16545,363,1311
16554,283,975
16555,254,980
16559,229,780
16563,220,647
16565,1,3
16572,4502,13807
16576,31,62
16578,1,5
16589,871,2337
16599,134,383
16606,7575,25792
16613,46,85
16627,58,170
16629,1460,5241
16643,1,5
16663,342,1051
16670,829,2974
16685,153,485
16689,144,444
16705,1418,5117
16707,18320,65911
16726,41,89
16731,1279,4767
16733,1242,4374
16741,403,1306
16761,50,102
16762,81,157
16770,4215,13450
16784,3521,13307
16787,48,132
16788,9722,32505
16790,3553,11375
16797,593,2030
16820,49,137
16830,55,133
16849,76,227
16854,256,951
16869,4352,14493
16889,2343,8251
16902,130,398
16904,44,133
16906,64,172
16915,138,437
16916,63,177
16928,43,128
16931,3468,11892
16933,119,258
16948,8950,28732
16950,43,84
16955,113,335
16970,3269,9330
16975,586,1816
16982,841,2922
16986,1353,4983
16988,131,312
16993,364,1248
16996,33,99
16999,53,107
17020,804,2538
17056,165,542
17065,32,64
17068,38,95
17074,59,172
17082,239,674
17085,5790,24801
17087,286,1088
17090,48,146
17104,3244,10826
17107,367,1219
17124,33,57
17137,114,327
17174,6576,24767
17182,384,1445
17196,1414,4747
17202,48,133
17203,1123,3187
17232,71,148
17255,19,50
17290,814,2829
17304,120,362
17310,239,855
17324,16280,62475
17326,69,170
17334,898,2571
17337,35,115
17338,2956,9169
17344,141,391
17348,472,1736
17358,6794,22290
17394,110,294
17403,1,5
17411,3423,12717
17423,1920,6770
17447,245,757
17454,245,745
17466,485,1160
17515,108,397
17522,502,1732
17523,95,311
17534,48,104
17536,1538,6099
17551,98,184
17554,515,1543
17556,331,830
17558,8032,26869
17561,989,3080
17574,6786,23363
17616,53,172
17624,2144,7288
17626,65,221
17635,212,631
17640,97,282
17642,964,3494
17650,752,2376
17653,1713,5504
17654,2686,8078
17660,30,74
17689,31,64
17693,2534,7272
17706,122,397
17725,2003,6873
17728,68,183
17734,41,120
17741,1020,3270
17742,246,681
